[5.37816473e-02 3.02831051e-02 2.84733080e-02 2.38362890e-02
 2.36027641e-02 2.32043473e-02 2.30226403e-02 2.27107941e-02
 2.24256933e-02 2.23509456e-02 2.20486997e-02 2.19484852e-02
 2.18604636e-02 2.16481131e-02 2.15816063e-02 2.13599316e-02
 2.12106044e-02 2.11424147e-02 2.10306340e-02 2.08889387e-02
 2.04702705e-02 2.03805587e-02 2.02032185e-02 2.01241651e-02
 1.99843284e-02 1.98358260e-02 1.97362254e-02 1.96574461e-02
 1.95122898e-02 1.94712735e-02 1.93241529e-02 1.92393559e-02
 1.90604496e-02 1.90173564e-02 1.89198868e-02 1.87806486e-02
 1.87654137e-02 1.86480944e-02 1.85100374e-02 1.83483206e-02
 1.82482189e-02 1.81709374e-02 1.80890947e-02 1.79809449e-02
 1.77292558e-02 1.69743000e-02 1.64065046e-02 2.03370944e-25]
